index	prediction
0	3.672
1	4.690
2	4.621
3	2.444
4	1.964
5	4.571
6	1.948
7	2.403
8	2.297
9	0.772
10	1.772
11	2.609
12	4.574
13	3.688
14	4.327
15	0.770
16	2.122
17	0.624
18	3.803
19	4.746
20	1.731
21	2.882
22	1.334
23	2.186
24	1.909
25	3.364
26	4.111
27	4.784
28	2.396
29	4.347
30	3.300
31	0.291
32	0.668
33	3.537
34	4.522
35	0.969
36	3.974
37	3.188
38	3.614
39	0.153
40	1.818
41	0.385
42	0.246
43	0.806
44	4.007
45	2.941
46	0.809
47	1.768
48	0.222
49	0.281
50	1.638
51	0.026
52	3.898
53	1.065
54	3.778
55	1.490
56	4.725
57	0.098
58	3.222
59	0.775
60	3.295
61	0.406
62	0.093
63	3.711
64	-0.002
65	4.161
66	3.805
67	4.198
68	0.125
69	3.786
70	3.055
71	0.042
72	0.608
73	0.038
74	4.617
75	2.538
76	0.578
77	0.641
78	3.119
79	1.640
80	0.805
81	1.343
82	2.688
83	4.590
84	3.575
85	1.956
86	0.938
87	3.924
88	0.969
89	3.906
90	3.115
91	3.085
92	4.352
93	3.873
94	3.328
95	3.573
96	0.110
97	2.319
98	2.522
99	2.778
100	3.633
101	2.757
102	0.016
103	2.453
104	2.718
105	3.661
106	2.929
107	3.953
108	3.116
109	4.022
110	0.002
111	0.047
112	4.043
113	3.284
114	0.107
115	0.852
116	1.446
117	0.119
118	0.190
119	0.625
120	0.021
121	4.597
122	0.283
123	2.349
124	4.138
125	3.932
126	4.740
127	2.315
128	3.552
129	4.724
130	4.261
131	4.129
132	2.478
133	1.937
134	4.700
135	4.188
136	4.481
137	4.748
138	1.929
139	1.695
140	2.607
141	2.650
142	2.286
143	0.218
144	1.798
145	1.846
146	3.660
147	3.415
148	3.866
149	4.595
150	0.148
151	1.224
152	3.731
153	1.443
154	2.457
155	1.260
156	3.335
157	4.322
158	4.197
159	4.743
160	3.860
161	3.844
162	3.574
163	2.291
164	0.537
165	4.303
166	1.715
167	2.680
168	3.249
169	3.742
170	3.957
171	0.061
172	0.014
173	0.027
174	3.381
175	3.762
176	0.808
177	2.610
178	0.021
179	-0.000
180	0.406
181	0.879
182	0.254
183	3.802
184	3.986
185	1.644
186	2.654
187	3.616
188	3.808
189	3.674
190	2.390
191	0.011
192	2.985
193	0.457
194	0.783
195	0.405
196	0.373
197	0.286
198	1.058
199	3.868
200	-0.000
201	1.102
202	2.095
203	1.517
204	0.367
205	0.206
206	0.168
207	2.468
208	2.258
209	2.776
210	4.133
211	3.977
212	2.295
213	0.277
214	0.151
215	0.543
216	2.589
217	0.010
218	0.063
219	3.305
220	1.539
221	0.234
222	1.066
223	0.197
224	0.050
225	4.760
226	2.703
227	4.009
228	1.887
229	0.022
230	0.085
231	0.316
232	0.041
233	2.916
234	0.128
235	0.112
236	0.067
237	3.621
238	0.222
239	3.831
240	3.559
241	0.066
242	0.446
243	3.628
244	4.400
245	3.729
246	3.494
247	0.497
248	3.912
249	0.528
250	3.792
251	3.291
252	0.157
253	4.771
254	3.716
255	4.161
256	4.457
257	2.687
258	2.805
259	2.001
260	3.652
261	1.512
262	4.809
263	4.462
264	0.524
265	3.228
266	3.837
267	3.970
268	4.752
269	0.379
270	0.025
271	3.730
272	2.580
273	0.241
274	2.671
275	3.869
276	3.454
277	3.695
278	4.209
279	2.223
280	4.150
281	4.559
282	1.200
283	4.706
284	1.140
285	2.989
286	4.598
287	0.664
288	0.757
289	2.989
290	4.182
291	3.789
292	2.832
293	4.803
294	3.960
295	1.772
296	4.530
297	3.016
298	4.756
299	4.484
300	2.606
301	4.462
302	3.706
303	1.860
304	0.709
305	0.856
306	2.621
307	3.646
308	4.151
309	3.845
310	3.782
311	0.073
312	-0.016
313	3.758
314	2.550
315	3.987
316	2.909
317	3.403
318	0.518
319	3.051
320	4.736
321	4.391
322	3.316
323	4.704
324	4.608
325	4.474
326	3.215
327	3.388
328	2.041
329	3.873
330	2.976
331	0.421
332	0.504
333	3.832
334	4.699
335	4.700
336	1.244
337	3.119
338	0.769
339	4.329
340	0.717
341	3.345
342	0.808
343	3.281
344	3.967
345	0.742
346	4.620
347	2.849
348	0.072
349	2.793
350	4.688
351	1.521
352	4.626
353	4.463
354	4.567
355	2.981
356	3.131
357	4.657
358	0.027
359	0.920
360	4.036
361	4.090
362	4.652
363	3.951
364	4.387
365	0.024
366	0.886
367	1.119
368	4.013
369	2.910
370	0.072
371	1.930
372	2.579
373	3.920
374	4.015
375	2.818
376	0.816
377	3.577
378	3.568
379	3.677
380	2.058
381	3.613
382	2.542
383	4.650
384	3.109
385	0.086
386	2.378
387	3.200
388	0.603
389	0.615
390	3.377
391	3.023
392	2.931
393	1.215
394	2.753
395	4.271
396	3.127
397	4.124
398	0.042
399	3.471
400	1.815
401	3.400
402	4.480
403	1.605
404	4.161
405	1.201
406	1.285
407	0.072
408	4.574
409	3.754
410	3.666
411	4.810
412	1.617
413	4.628
414	1.508
415	3.438
416	3.136
417	0.070
418	4.708
419	3.713
420	4.663
421	1.082
422	4.778
423	0.582
424	4.522
425	0.335
426	3.307
427	3.201
428	4.740
429	3.864
430	4.793
431	1.780
432	3.826
433	0.141
434	3.785
435	3.485
436	0.090
437	2.190
438	3.797
439	1.592
440	2.077
441	4.077
442	3.769
443	0.521
444	0.138
445	4.791
446	2.817
447	2.745
448	4.796
449	2.150
450	2.962
451	0.519
452	2.421
453	-0.006
454	4.355
455	3.502
456	4.202
457	2.683
458	4.596
459	4.842
460	1.048
461	2.517
462	3.979
463	3.528
464	4.485
465	3.893
466	2.901
467	0.202
468	2.835
469	4.746
470	0.701
471	4.695
472	1.469
473	3.960
474	0.479
475	4.481
476	1.449
477	3.111
478	4.575
479	2.587
480	4.403
481	4.528
482	4.090
483	3.624
484	3.427
485	3.680
486	2.611
487	1.028
488	4.706
489	0.961
490	4.804
491	2.527
492	1.823
493	2.013
494	3.604
495	2.033
496	4.765
497	2.187
498	1.070
499	3.582
500	0.183
501	0.663
502	2.485
503	2.196
504	0.832
505	1.717
506	0.538
507	2.341
508	1.994
509	0.941
510	3.742
511	1.142
512	3.535
513	4.199
514	3.772
515	4.690
516	3.105
517	2.259
518	0.259
519	2.162
520	1.232
521	0.128
522	0.325
523	1.032
524	0.912
525	1.239
526	0.842
527	2.869
528	2.077
529	2.203
530	0.155
531	3.520
532	2.080
533	3.059
534	3.834
535	3.517
536	4.687
537	0.517
538	3.046
539	3.215
540	3.765
541	1.858
542	3.308
543	2.853
544	2.339
545	3.898
546	3.161
547	1.623
548	4.705
549	2.697
550	2.824
551	0.274
552	2.793
553	2.806
554	1.765
555	3.101
556	4.619
557	3.936
558	0.499
559	2.887
560	2.251
561	1.503
562	0.103
563	3.069
564	4.188
565	0.912
566	4.727
567	3.149
568	2.674
569	2.365
570	2.253
571	3.452
572	3.333
573	1.616
574	2.192
575	3.637
576	1.883
577	4.241
578	2.728
579	1.711
580	2.419
581	2.149
582	4.805
583	2.908
584	0.325
585	3.691
586	2.467
587	1.324
588	3.162
589	3.924
590	3.183
591	1.669
592	3.767
593	1.806
594	1.831
595	3.390
596	2.094
597	1.193
598	4.036
599	3.748
600	2.747
601	0.896
602	2.036
603	2.574
604	2.586
605	2.465
606	0.836
607	3.973
608	3.791
609	1.155
610	2.204
611	0.303
612	4.793
613	3.101
614	3.451
615	2.947
616	0.258
617	0.837
618	2.716
619	2.594
620	2.848
621	2.901
622	1.644
623	2.768
624	3.479
625	3.000
626	2.238
627	4.503
628	1.582
629	2.523
630	3.343
631	4.332
632	2.518
633	4.184
634	3.257
635	3.448
636	4.326
637	3.364
638	2.264
639	3.747
640	2.450
641	1.390
642	2.163
643	3.669
644	4.170
645	2.382
646	3.852
647	0.726
648	2.059
649	2.915
650	1.507
651	3.031
652	1.935
653	3.803
654	1.379
655	3.040
656	3.376
657	2.617
658	4.106
659	2.855
660	4.347
661	1.663
662	2.281
663	3.164
664	2.428
665	0.898
666	3.442
667	2.120
668	3.010
669	2.649
670	3.136
671	2.959
672	1.638
673	1.651
674	3.632
675	4.077
676	3.784
677	3.306
678	2.338
679	4.019
680	2.489
681	2.781
682	2.201
683	1.548
684	3.316
685	1.482
686	3.462
687	3.708
688	3.826
689	3.146
690	1.483
691	2.770
692	1.900
693	3.460
694	3.886
695	3.735
696	2.599
697	0.888
698	2.151
699	2.577
700	2.315
701	2.754
702	3.422
703	1.154
704	1.058
705	2.938
706	2.686
707	2.545
708	3.470
709	2.560
710	3.730
711	4.431
712	3.249
713	3.369
714	2.721
715	1.025
716	2.755
717	0.859
718	2.570
719	2.063
720	2.995
721	3.006
722	4.122
723	3.770
724	3.334
725	2.676
726	3.615
727	2.111
728	1.939
729	2.014
730	2.828
731	3.512
732	2.649
733	2.478
734	2.212
735	2.715
736	1.430
737	1.204
738	3.629
739	3.605
740	1.900
741	2.100
742	3.253
743	4.484
744	1.173
745	0.594
746	2.905
747	3.728
748	3.279
749	4.166
750	1.727
751	3.765
752	0.907
753	3.111
754	2.158
755	2.924
756	3.465
757	3.744
758	3.808
759	2.463
760	2.143
761	2.388
762	2.017
763	3.215
764	2.682
765	4.668
766	1.810
767	1.333
768	1.106
769	2.689
770	2.917
771	2.476
772	1.783
773	1.945
774	1.690
775	2.169
776	3.003
777	2.273
778	3.298
779	1.170
780	2.924
781	2.790
782	3.025
783	2.771
784	1.121
785	4.111
786	1.528
787	3.876
788	4.484
789	2.357
790	3.241
791	2.473
792	3.224
793	2.271
794	2.888
795	0.767
796	2.955
797	1.473
798	3.739
799	3.440
800	2.887
801	3.077
802	1.822
803	3.706
804	3.100
805	2.708
806	3.637
807	0.833
808	3.543
809	4.581
810	2.341
811	2.446
812	2.651
813	3.118
814	2.715
815	3.331
816	1.394
817	2.348
818	3.158
819	3.856
820	3.642
821	3.760
822	1.930
823	4.452
824	3.048
825	3.728
826	3.261
827	2.400
828	3.770
829	3.897
830	2.865
831	4.446
832	4.510
833	4.594
834	2.262
835	1.052
836	2.519
837	4.183
838	3.351
839	3.858
840	4.426
841	3.718
842	1.539
843	1.257
844	2.729
845	1.669
846	2.502
847	0.232
848	3.292
849	3.542
850	3.102
851	2.321
852	3.355
853	3.827
854	3.984
855	2.586
856	4.296
857	3.596
858	1.957
859	3.914
860	2.889
861	3.464
862	4.416
863	2.530
864	3.985
865	3.030
866	4.277
867	3.512
868	2.992
869	4.775
870	3.820
871	1.436
872	2.926
873	3.592
874	4.119
875	3.763
876	2.985
877	2.126
878	3.609
879	3.996
880	3.804
881	3.477
882	4.309
883	4.673
884	3.410
885	2.978
886	4.434
887	4.026
888	3.249
889	3.882
890	3.088
891	3.553
892	4.557
893	3.057
894	4.557
895	3.608
896	3.575
897	4.529
898	4.407
899	3.258
900	3.641
901	4.144
902	3.905
903	4.140
904	2.451
905	3.983
906	2.708
907	4.144
908	3.774
909	3.524
910	3.950
911	4.445
912	3.518
913	1.667
914	1.664
915	2.893
916	3.091
917	3.387
918	2.451
919	4.016
920	3.821
921	3.357
922	3.096
923	2.222
924	4.014
925	4.085
926	4.166
927	3.857
928	2.592
929	3.392
930	4.211
931	4.443
932	3.017
933	3.272
934	1.646
935	3.560
936	1.653
937	4.434
938	3.658
939	3.864
940	3.369
941	4.335
942	2.512
943	3.736
944	4.595
945	4.312
946	3.956
947	3.513
948	2.592
949	3.534
950	3.659
951	3.873
952	3.071
953	3.849
954	3.284
955	3.186
956	4.792
957	4.436
958	4.097
959	2.745
960	4.623
961	2.884
962	2.149
963	3.267
964	3.392
965	4.536
966	2.912
967	3.318
968	3.160
969	4.597
970	2.386
971	3.014
972	3.468
973	1.988
974	3.220
975	2.340
976	2.354
977	3.835
978	2.544
979	3.864
980	4.412
981	3.268
982	3.288
983	2.021
984	3.126
985	4.148
986	3.352
987	2.861
988	3.775
989	4.140
990	3.510
991	4.659
992	3.310
993	4.305
994	3.155
995	4.432
996	3.349
997	4.791
998	3.924
999	3.555
1000	3.883
1001	3.880
1002	2.317
1003	3.473
1004	2.902
1005	3.508
1006	2.413
1007	4.079
1008	2.139
1009	3.979
1010	4.761
1011	3.850
1012	3.545
1013	4.361
1014	3.732
1015	3.043
1016	3.823
1017	4.599
1018	4.821
1019	3.550
1020	3.822
1021	4.192
1022	2.823
1023	3.590
1024	2.677
1025	3.804
1026	3.348
1027	4.671
1028	4.306
1029	3.872
1030	4.374
1031	3.547
1032	2.836
1033	3.340
1034	4.178
1035	4.460
1036	3.310
1037	3.642
1038	4.093
1039	3.152
1040	3.133
1041	2.810
1042	2.662
1043	2.799
1044	2.384
1045	4.084
1046	3.157
1047	2.706
1048	3.829
1049	4.692
1050	2.844
1051	3.457
1052	1.464
1053	2.966
1054	3.281
1055	4.141
1056	3.510
1057	3.976
1058	2.193
1059	4.371
1060	4.146
1061	2.958
1062	1.461
1063	3.588
1064	4.106
1065	3.487
1066	3.538
1067	2.676
1068	4.330
1069	3.968
1070	4.741
1071	4.111
1072	3.810
1073	3.099
1074	3.846
1075	3.632
1076	2.763
1077	3.584
1078	2.379
1079	2.822
1080	4.043
1081	3.996
1082	4.051
1083	4.199
1084	3.699
1085	3.376
1086	2.059
1087	3.050
1088	3.030
1089	1.484
1090	4.634
1091	4.168
1092	4.651
1093	3.689
1094	4.235
1095	4.019
1096	4.064
1097	4.597
1098	2.801
1099	3.300
1100	1.281
1101	4.572
1102	3.863
1103	3.779
1104	4.770
1105	3.290
1106	4.167
1107	4.354
1108	2.185
1109	1.131
1110	4.191
1111	4.759
1112	0.470
1113	2.238
1114	3.143
1115	2.239
1116	4.496
1117	0.646
1118	4.782
1119	2.086
1120	1.526
1121	2.289
1122	4.677
1123	3.515
1124	2.016
1125	2.623
1126	3.503
1127	4.028
1128	2.215
1129	0.293
1130	0.030
1131	4.107
1132	4.827
1133	3.661
1134	4.043
1135	0.385
1136	4.644
1137	1.560
1138	3.376
1139	3.411
1140	1.110
1141	4.730
1142	3.008
1143	0.948
1144	4.506
1145	1.600
1146	3.538
1147	0.922
1148	2.184
1149	3.185
1150	2.263
1151	4.767
1152	1.115
1153	0.026
1154	4.820
1155	1.451
1156	3.197
1157	0.400
1158	0.820
1159	2.934
1160	4.617
1161	3.035
1162	0.216
1163	3.135
1164	4.301
1165	3.892
1166	4.826
1167	3.273
1168	4.148
1169	3.611
1170	1.695
1171	1.670
1172	2.710
1173	4.702
1174	4.380
1175	3.383
1176	3.774
1177	3.770
1178	2.302
1179	3.241
1180	3.550
1181	3.838
1182	2.165
1183	4.271
1184	2.404
1185	2.609
1186	3.185
1187	4.312
1188	4.810
1189	3.416
1190	3.753
1191	1.140
1192	2.779
1193	2.047
1194	1.477
1195	2.027
1196	1.870
1197	4.335
1198	4.344
1199	2.264
1200	3.277
1201	2.997
1202	4.305
1203	4.682
1204	3.789
1205	4.561
1206	3.583
1207	3.972
1208	3.906
1209	4.330
1210	3.117
1211	1.844
1212	1.026
1213	1.478
1214	2.525
1215	1.539
1216	2.405
1217	3.575
1218	3.192
1219	0.066
1220	4.749
1221	4.275
1222	1.322
1223	0.473
1224	4.819
1225	3.384
1226	3.759
1227	4.237
1228	2.016
1229	0.034
1230	4.648
1231	2.217
1232	4.597
1233	4.213
1234	4.659
1235	1.617
1236	1.105
1237	3.901
1238	1.001
1239	4.343
1240	3.884
1241	3.559
1242	3.845
1243	1.389
1244	0.822
1245	2.866
1246	3.545
1247	1.539
1248	2.685
1249	3.505
1250	1.989
1251	0.437
1252	4.338
1253	1.749
1254	4.793
1255	0.429
1256	0.503
1257	2.939
1258	3.672
1259	1.783
1260	3.422
1261	4.756
1262	1.667
1263	0.042
1264	1.284
1265	4.805
1266	0.856
1267	3.776
1268	3.910
1269	3.295
1270	0.730
1271	4.364
1272	1.226
1273	0.354
1274	4.780
1275	2.620
1276	4.022
1277	2.926
1278	2.617
1279	2.570
1280	1.872
1281	1.879
1282	1.183
1283	1.751
1284	2.804
1285	3.390
1286	4.841
1287	1.436
1288	3.100
1289	3.038
1290	4.576
1291	4.761
1292	4.421
1293	1.937
1294	0.021
1295	4.670
1296	1.270
1297	4.683
1298	2.662
1299	4.586
1300	4.037
1301	4.821
1302	3.832
1303	0.667
1304	4.642
1305	4.610
1306	2.402
1307	1.382
1308	3.747
1309	2.809
1310	4.284
1311	4.241
1312	4.825
1313	0.884
1314	2.528
1315	3.720
1316	4.815
1317	2.767
1318	0.770
1319	2.168
1320	3.100
1321	4.139
1322	4.810
1323	1.777
1324	4.846
1325	4.697
1326	4.744
1327	4.325
1328	1.920
1329	2.865
1330	4.853
1331	3.598
1332	2.513
1333	1.011
1334	3.682
1335	1.051
1336	2.612
1337	3.480
1338	2.448
1339	1.841
1340	1.648
1341	0.720
1342	1.751
1343	0.708
1344	1.424
1345	1.965
1346	2.877
1347	1.152
1348	1.123
1349	1.581
1350	0.084
1351	0.738
